Segment : E
Elementbaas: AND, OR, INV
Normaalkuju: MDNK
NEGatiivne loogika

Mine falstadi lehele ja vajuta import from text:
$ 1 0.000005 10.20027730826997 50 5 50 5e-11
157 640 -144 688 -144 0 7 0 0
157 400 -144 448 -144 0 7 0 0
197 272 -144 336 -144 0
164 -32 -144 16 -144 0 4 0 0 0 0 false 0
w 400 -16 464 -16 0
w 400 16 496 16 0
w 496 16 496 -16 0
w 400 48 528 48 0
w 528 48 528 -16 0
w 272 -144 160 -144 0
w 272 -48 112 -48 0
w 160 -144 64 -144 0
w 272 -112 144 -112 0
w 64 -112 144 -112 0
w 64 -80 128 -80 0
w 272 -80 128 -80 0
w 64 -48 112 -48 0
x 79 -157 105 -154 4 24 a3
x 76 -123 102 -120 4 24 a2
x 73 -92 99 -89 4 24 a1
x 73 -54 99 -51 4 24 a0
M 784 240 848 240 0 2.5
L -32 -48 -80 -48 0 0 false 5 0
R -32 -144 -80 -144 1 2 100 2.5 2.5 0 0.5
x -19 -175 61 -172 4 24 counter
x 182 -181 784 -178 4 24 7\ssegment\sdecoder\s\s|\s\s7\ssegment\sLED\s\s\s|\s7\ssegment\sLED
I 128 384 304 384 0 0.5 5
I 160 144 320 144 0 0.5 5
I 144 256 304 256 0 0.5 5
I 128 304 240 304 0 0.5 5
I 128 432 240 432 0 0.5 5
w 160 -144 160 144 0
w 112 -48 112 176 0
w 112 176 320 176 0
150 320 160 432 160 0 2 0 5
w 144 -112 144 256 0
w 128 -80 128 304 0
w 112 -48 112 352 0
w 112 352 256 352 0
150 352 272 464 272 0 3 0 5
w 304 256 352 256 0
w 240 304 304 304 0
w 304 304 304 272 0
w 304 272 352 272 0
w 256 352 352 352 0
w 352 352 352 288 0
w 160 -144 160 160 0
w 160 160 64 160 0
w 64 160 64 384 0
w 64 384 128 384 0
w 128 -80 128 320 0
w 128 320 32 320 0
w 32 320 32 432 0
w 32 432 128 432 0
w 144 -112 144 272 0
w 144 272 0 272 0
w 0 272 0 464 0
w 0 464 288 464 0
150 352 416 464 416 0 3 0 5
w 304 384 352 384 0
w 352 384 352 400 0
w 240 432 304 432 0
w 304 432 304 416 0
w 304 416 352 416 0
w 288 464 352 464 0
w 352 464 352 432 0
152 592 240 704 240 0 3 0 5
w 432 160 592 160 0
w 592 160 592 224 0
w 464 272 544 272 0
w 544 272 544 240 0
w 544 240 592 240 0
w 464 416 592 416 0
w 592 416 592 320 0
w 592 320 592 256 0
I 704 240 784 240 0 0.5 5
w 784 240 784 96 0
w 784 96 720 96 0
w 720 96 704 96 0
w 704 96 704 -16 0
